150165
51015
43459
166479
112447
166907
71232
164825
68205
43155
44710
116468
150964
147035
165090
167305
97789
45455
37146
167926
111695
146881
44369
50430
115311
167846
146254
66863
149346
72536
166395
71645
69373
113884
165389
166459
43929
47593
152012
75599
150341
165966
114763
167164
95788
152186
45293
163643
147520
120077
149212
166514
150401
95086
45168
50537
41634
72146
36322
147888
167013
53027
44223
49270
39845
74455
75380
150515
115853
51097
168256
68104
45660
152626
150607
72001
66448
67230
149766
113843
68311
149812
152066
148166
168288
167286
95917
52822
71386
67763
113269
53041
113146
95925
97018
34815
166310
152345
147825
168180
66341
114101
71088
73031
166890
69169
149824
130823
50524
165321
150096
42777
34836
112253
70469
166942
47396
112692
166536
46907
68208
54747
47315
115193
49334
152132
44329
150510
149989
156855
146094
152430
70504
69579
95736
113050
149617
149496
151317
51890
116213
94594
95485
165503
152480
165882
166545
94829
165762
112032
47544
49370
166416
165347
73165
71291
33337
50432
39813
116512
44883
52687
165574
166321
166411
150396
164898
75346
168196
97118
165910
96811
71046
33434
167074
146367
168306
152527
96005
97351
39599
165788
48403
150233
44887
151672
166519
37897
71930
116087
28506
148137
48142
150652
150211
68437
66802
152477
151080
48689
74193
97318
48342
51825
73800
165078
114728
95297
74678
165569
166901
45901
43650
115078
166252
66216
152466
146915
115902
148393
73993
151066
151620
165554
117607
167754
72967
113709
115562
150052
52907
131191
67243
68059
147235
167365
41122
152653
96074
75931
167160
95913
165210
114697
29600
97607
43420
150566
150684
166586
66623
73507
67533
112661
74034
152212
96906
111665
165510
152175
27602
39352
151150
112528
37020
75321
35244
147167
167563
167687
52976
150826
67982
45867
71143
38671
167460
115543
69864
167182
49866
68854
147667
111452
46481
165945
97066
151003
48084
68952
115507
32573
115596
149626
45611
115821
97171
75740
113748
47213
73702
152363
112012
46788
149412
150860
111543
166609
47319
167761
66416
165213
67495
112929
150125
113306
167261
150990
114219
146639
47289
112691
40009
166953
166623
95746
167387
49973
166886
150296
151183
51144
168253
167526
165737
150390
151164
115579
146954
51818
44688
152506
44781
96038
40365
164959
166855
168277
71129
150464
69049
112766
51037
166661
150389
114428
113401
46414
47944
165777
41144
46017
165613
32809
50749
47889
164784
112225
113526
115609
151630
73316
151953
71652
165204
113715
114694
34590
147462
148186
148087
66645
95423
114587
116150
114965
30712
166585
70067
73562
112092
167914
74895
116123
35743
96511
168328
152118
152500
94875
40323
149399
47040
47000
167403
47613
49084
115454
75063
166653
75760
45438
74624
167346
112791
148319
114274
165992
115831
33829
151191
43766
165965
76244
165861
96560
68164
44064
47145
165224
97431
166713
49039
43749
111929
67135
113238
150724
151623
166553
151327
52300
67512
73008
38555
96094
66521
31748
149727
66321
115716
66756
74012
168214
96794
113311
147735
152349
34904
47954
167810
167322
148775
165388
166859
69915
111634
167362
115398
44120
150736
166048
114555
34117
31989
94827
167570
112287
44180
149024
150376
167678
146444
111933
168151
86402
41941
166542
26621
48279
94676
41463
51120
41911
45046
147835
95322
165538
74867
46434
68545
111995
43021
152454
72571
68330
39339
149828
167840
152147
166144
165401
112939
41539
167467
147163
96689
115453
148545
97427
152549
165455
147670
114059
52943
71253
38403
166893
71077
151408
152407
168234
93454
42171
168099
42907
44166
167596
112864
168270
68598
165407
71324
42326
149530
115245
150592
148659
146230
165094
51355
148647
68509
150530
69935
166388
95798
150012
72891
166182
94849
97723
168123
46579
52947
166391
168092
146412
73828
38953
46652
165893
97404
166872
115403
166839
132200
112690
76097
42125
76230
167444
44208
36966
151192
168124
151116
95114
113577
52844
44899
151922
111559
75241
46841
115851
148495
167455
165980
68798
75601
39921
33061
166135
47515
166251
48171
148065
166028
68119
151371
70586
166889
166824
74285
96553
146337
115461
167323
95315
113328
97633
168198
49920
68004
151494
152416
149540
75435
67186
167817
147893
165009
34975
168174
166145
43733
151018
167658
167169
165810
69372
166549
45809
95990
71925
113637
44254
113046
95855
48136
166446
68636
71896
114560
113463
150167
166910
53057
151443
45200
166982
166827
146971
166991
114603
151060
96613
168312
147669
152418
114015
73942
66589
72378
114304
112078
115838
52082
44136
74220
166375
49267
147420
115698
32361
52200
167361
47409
96147
41552
48712
149910
148214
95011
43770
113359
167796
152275
73488
146774
75047
115921
33311
43836
115508
166522
46034
41773
68341
74182
43235
165632
166136
152481
68715
116482
36022
150177
152519
146947
52557
113484
48330
166271
28744
167992
152225
113331
49391
150342
113029
40431
168051
45594
147385
164949
147324
71803
147532
112738
148496
148011
150240
44979
67725
96501
34934
115819
164975
166169
167237
165372
68234
43783
47599
52874
150365
114982
167187
112510
166854
148013
48396
150738
112977
166856
75796
149319
72793
68115
162321
167699
40858
146911
116249
148217
112509
150950
166044
152365
39164
48408
166073
152143
48646
150651
167915
116754
72264
148851
147238
44142
167458
51225
151985
148538
97735
96749
115325
167771
71935
151556
51815
50190
165851
164835
165544
112627
166985
113642
34353
32905
164885
66591
39758
47227
73319
116637
149426
167056
148783
44407
166491
52303
49770
167178
74138
74816
146871
168118
93211
113890
147108
115532
165433
39424
168203
148044
168105
149163
165747
148416
47171
167174
72630
167724
111686
112492
41975
71953
165215
166282
114991
149576
111646
167473
150428
152935
167758
167165
42494
113935
166506
112345
151591
66519
166673
112261
96622
71016
167560
148984
167128
95474
113266
49823
52302
130842
167936
166642
167921
166794
112336
52131
113254
151287
166000
46821
167562
72366
148742
66245
167501
147743
32446
166732
113153
166390
165511
52944
71664
113898
66430
114650
34483
115723
115330
95452
164921
151282
45199
75613
151743
45698
93115
97717
113678
96326
151713
41821
42260
167770
116194
168240
43822
167990
150408
151059
147162
166558
69158
167090
50841
147355
166116
70900
69682
39731
71266
72133
167594
151256
97863
111923
115907
152273
115085
149693
147381
95777
167073
45433
112232
72748
52883
44456
96016
33942
69709
47493
151507
164747
113351
165907
150780
75914
42655
167301
96331
72229
152296
114904
146272
44504
39844
150769
47229
115598
167324
113943
45232
66713
147139
151617
165530
148676
48371
150880
150106
149256
34112
149807
32388
69855
71132
146759
167574
52415
69508
50677
75477
116715
157502
148713
112002
48259
43919
43841
167614
47064
71737
97325
150766
151322
71246
113705
165776
42387
66779
71720
95234
66956
115472
43696
45036
67923
146418
45686
111936
147191
150338
166026
46182
167748
147784
151710
165396
165850
114476
52230
150805
97056
149984
47535
32300
166833
49171
113508
42446
151333
151433
97604
152201
75724
112379
51019
50018
167782
72964
166152
47934
166875
47938
167742
35558
44072
150765
166892
75990
75292
167616
114581
167651
97628
40134
111743
116706
96318
49564
37163
151552
37957
148283
40267
151954
115487
48397
75025
148773
43502
43485
30481
33099
166733
42357
148225
149884
152555
151653
113946
152467
151679
150183
149009
52162
130789
149926
66670
148427
75881
149112
32347
47964
66205
48009
50908
66872
168324
97007
71153
113986
148023
49406
168211
150674
96762
49729
45542
71014
73895
148888
167462
165654
113682
114623
69509
45281
151382
69746
149613
152439
147912
113916
111745
111803
150646
114277
165679
43794
97907
148298
49983
111644
69791
48023
73675
149636
150496
48801
148621
75662
149936
112580
168097
165607
70314
167321
164751
149985
167950
69380
167240
156670
149196
46855
72084
167931
42146
147371
152040
165644
73420
72724
69749
165628
151631
116544
167046
168050
74882
70066
167342
69960
95248
47903
166348
151906
166863
167530
67737
167253
165235
146035
151217
96290
113242
151522
165669
74341
68694
66902
68876
32435
47999
113293
45177
148601
96570
75330
43951
42418
51814
74788
115599
166823
146885
165831
168150
166791
97330
39909
69431
96425
165501
66442
71959
165280
49152
165335
42070
167439
147064
151627
44205
146916
97282
167760
168146
95748
41680
96059
115003
51995
164813
166543
32779
167675
164826
165397
45241
151280
151253
166195
97887
40502
46438
116480
165987
68580
45790
112768
66292
38678
71180
94536
151289
151205
165717
149169
148718
74577
146344
43471
74201
70421
146402
165428
49332
71719
114830
41358
168107
66197
42994
115021
38005
42722
32291
165924
115987
95520
112054
43623
148449
150754
150475
145986
112445
48758
74283
93376
97803
66920
166224
73000
148386
111681
167717
167470
114248
66833
167973
165448
50294
95930
146223
71378
71926
146296
40426
115131
45407
67851
148745
149298
165830
97042
44545
70285
75505
166695
148353
96883
167498
44680
165135
165051
30323
166964
147374
52803
147222
164406
113627
69485
167334
152421
71913
116060
166620
167423
164961
66951
66425
46708
39493
113563
93401
147771
44901
152307
97260
149719
167917
68317
113070
97154
66901
72502
47458
164857
113938
47603
75631
113482
151248
150775
34143
71279
165772
97545
115651
166936
49020
166040
111439
167622
165760
41604
115283
167340
115028
168200
148868
44516
111980
49802
73075
111960
68730
116151
150573
50165
111610
152478
66182
149625
166742
148937
113368
147862
113586
33056
148507
74111
71512
70366
167871
152489
97027
112761
165934
74915
116111
167518
151741
67144
165038
151389
45677
72212
150529
66610
156576
165118
72663
113230
163530
49787
111664
72720
152153
69832
114348
85570
69919
167002
147430
167953
147272
50051
96760
146435
45285
112045
69141
147387
33308
94565
69721
72557
167881
74609
151973
165996
76257
50563
68410
71358
49347
43378
115281
168313
69381
68262
69448
147136
39537
149699
71067
111659
116290
151625
45062
151961
150568
67233
69876
149918
94693
68563
151107
66733
66594
40974
49137
75600
167457
113162
148174
168040
72705
168207
148093
112504
165259
151148
97016
148939
150407
146619
148067
96639
115388
48158
94945
66766
152497
167557
165185
147231
166650
115046
70455
67610
95481
165706
51186
90678
94679
113839
113476
37277
165416
116091
71178
147605
50191
44132
43713
165476
29217
66650
166198
111637
71080
52074
149451
52741
45284
68453
148643
47235
68833
166368
50752
147515
40927
116059
66568
44420
167582
165175
111655
94621
152616
166413
167113
74185
40556
95844
168266
67170
114091
166041
115176
70272
150358
147612
115181
32799
166365
150978
52877
75295
67591
68853
165838
69280
33072
46944
149920
152405
114131
69344
43187
29747
75661
31494
145973
151277
75163
97155
150357
113203
147051
43531
35145
97162
34236
151691
114582
112771
51071
75104
151021
33433
74085
116393
167600
52820
46451
45531
150924
152438
51634
73672
95343
94494
113492
75304
69655
39349
166024
71242
86826
36721
50769
66856
151155
111884
48185
28822
48423
66987
167514
113558
68977
68204
97140
96361
147039
167711
44547
114133
52833
151694
168074
43596
41982
166600
114012
115455
112688
167213
166683
40911
70321
116013
94801
165020
113650
52857
72813
52054
167288
29678
165932
67433
166357
51898
147483
167199
45644
44193
75789
115338
75717
166754
95978
111608
113690
39466
32008
148426
47422
112951
167960
36626
51148
113752
166768
95599
149257
49538
75089
146389
168229
167627
148766
41736
67490
166787
167736
114326
32152
165969
113531
151768
152495
116660
52812
50714
146526
44140
42702
150555
148558
43975
40342
97865
51403
167265
112697
74438
150151
112374
115791
95018
72727
113973
130739
147536
52169
165707
42152
96824
56987
150718
167221
73981
165472
33943
74014
50864
45315
75158
113885
49711
50368
112817
152099
68271
152586
115868
113880
112367
45074
151514
96495
31753
152406
116536
166689
70552
167852
167806
148321
152004
66314
167674
148821
97477
146794
23654
48304
50091
150453
146226
44313
40784
84752
166785
38040
68279
73877
152357
147833
72041
43761
29136
111619
166725
116418
149529
45020
94977
148764
49196
39499
95467
51517
74142
146783
149746
71054
67422
45510
166686
165690
167928
66274
166114
113375
114057
48104
164756
147622
150171
111593
166501
165440
73041
74627
46550
42293
96322
73638
113988
166058
75299
72172
167946
40399
48426
147317
73575
39601
151263
116587
53043
150762
71155
96373
71615
166384
66962
95196
146113
68012
166576
151847
165216
95465
167859
47239
95314
40606
116379
35077
51387
168247
48365
67083
151896
151259
96841
66712
32454
75373
30955
32281
149515
112800
24586
167974
41866
83724
97500
150097
111477
49173
114255
35635
70179
37876
74652
151709
43857
113787
28454
146460
113055
31980
167089
71139
113402
23948
35148
35351
113176
44487
51264
73119
67428
147159
36815
32034
114374
41308
149523
32762
32157
35214
146090
43071
30520
73175
68444
49468
67137
112754
41926
115112
165156
164938
73123
75933
66451
31549
75408
45015
45151
34466
164808
74072
167824
43443
167376
149102
67791
114141
34004
48560
35107
71894
150385
116581
66682
33079
151185
48130
114207
37311
30515
151463
146386
31600
167532
116026
150356
66708
116692
28810
97408
47804
165328
168140
74428
46791
68604
115776
48655
164817
165104
